t	p	q	
0	3.175200254190713e-05	5.040622907768673e-15
0.0002	0.03174373193178326	5.026070901336633e-06
0.0004	0.06290568488475401	3.925817755795361e-05
0.0006000000000000001	0.09218868138850667	0.0001265596089453728
0.0008	0.1176793559425278	0.0002787757406939674
0.001	0.137350081524346	0.0004908158836262119
0.0012	0.1496044923987938	0.00074127428046206
0.0014	0.1537004109995905	0.0009992944715152695
0.0016	0.1498942953185178	0.001234476979620258
0.0018	0.1392861446074676	0.001425119661533479
0.002	0.1234723523230059	0.001561838138920573
0.0022	0.1041595862916438	0.001646627136019777
0.0024	0.08285540071665309	0.001689363435233879
0.0026	0.06068048549059313	0.001703956477426266
0.0028	0.03828888380667195	0.001705535989080723
0.003	0.01592024631099775	0.001701825074825496
0.0032	-6.509420927613974e-06	0.001682550845328633
0.0034	-1.99116620933637e-05	0.001657795185457844
0.0036	-3.282587567809969e-05	0.001633741626694178
0.0038	-4.526579868979752e-05	0.001610360847100806
0.004	-5.724468792323023e-05	0.001587625142546202
0.004200000000000001	-6.877498526591808e-05	0.001565508316449127
0.0044	-7.986898708622903e-05	0.001543985578476789
0.004600000000000001	-9.053821850102395e-05	0.001523033451170409
0.0048	-0.0001007939572446048	0.001502629684007097
0.005	-0.0001106470153899863	0.001482753174150237
0.005200000000000001	-0.000120107491966337	0.001463383893199706
0.0054	-0.0001291855587624013	0.001444502819634965
0.005600000000000001	-0.0001378907763864845	0.001426091876083052
0.0058	-0.0001462322688894346	0.001408133871351838
0.006	-0.0001542190148029476	0.001390612446729107
0.006200000000000001	-0.0001618596434127539	0.001373512026021382
0.0064	-0.0001691623037913814	0.001356817769211423
0.006600000000000001	-0.0001761348976287991	0.001340515529461581
0.0068	-0.0001827853702707216	0.001324591812944313
0.007000000000000001	-0.0001891210267785937	0.00130903374147869
0.007200000000000001	-0.0001951490994542837	0.001293829017779758
0.0074	-0.0002008765295613557	0.001278965892969322
0.007600000000000001	-0.0002063099818769842	0.00126443313633671
0.007800000000000001	-0.0002114559320034459	0.001250220006913266
0.008	-0.0002163207973353565	0.0012363162270554
0.008200000000000001	-0.0002209105587098747	0.001222711957673875
0.008400000000000001	-0.0002252311969641596	0.001209397774992367
0.0086	-0.0002292883291374892	0.001196364648817594
0.008800000000000001	-0.0002330876013729721	0.001183603922180352
0.009000000000000001	-0.0002366342378081754	0.001171107292167377
0.009200000000000002	-0.000239933593547903	0.001158866791969964
0.0094	-0.0002429905725875869	0.001146874773966764
0.009600000000000001	-0.0002458101807860658	0.001135123893901027
0.009800000000000001	-0.0002483970602042973	0.001123607095957596
0.01	-0.0002507559693185613	0.001112317598635509
0.0102	-0.0002528912154957652	0.001101248881550342
0.0104	-0.0002548073389334604	0.001090394672917694
0.0106	-0.000256508486927487	0.00107974893781673
0.0108	-0.0002579986467026174	0.001069305867097978
0.011	-0.0002592819364508614	0.001059059866849154
0.0112	-0.000260362314293161	0.001049005548487617
0.0114	-0.0002612434182083234	0.001039137719404605
0.0116	-0.0002619291044538841	0.001029451374113555
0.0118	-0.0002624227199703455	0.001019941685891767
0.012	-0.0002627278881845996	0.001010603998801801
0.0122	-0.0002628478978294879	0.001001433820216719
0.0124	-0.0001614998909644783	0.0009924475907190117
0.0126	0.0002168537466786802	0.0009837913228441099
0.0128	0.0008624155452707782	0.0009756442443399909
0.013	0.001756563826347701	0.0009681552428447962
0.0132	0.002876514510717243	0.0009614369112044078
0.0134	0.004196526308078319	0.0009555626867191996
0.0136	0.005689152341801673	0.0009505667910896354
0.0138	0.007326453211135231	0.0009464465534467578
0.014	0.009081107738893479	0.0009431665300862107
0.0142	0.01092737157887314	0.0009406637628764162
0.0144	0.01284186047269031	0.0009388535345582792
0.0146	0.01480414954130538	0.0009376350593386561
0.0148	0.01679720013635233	0.0009368966613419009
0.015	0.0188076330232434	0.000936520121819107
0.0152	0.02082588158373255	0.0009363839946860201
0.0154	0.02284625657193828	0.0009363657908840161
0.0156	0.02486658268026076	0.0009363885748165907
0.0158	0.02688449436391238	0.0009365381367502762
0.016	0.02889404518646188	0.0009369350760159048
0.0162	0.03088551496330183	0.0009376959439067935
0.0164	0.03284559241728857	0.0009389297527679236
0.0166	0.03475768009957392	0.0009407336613911746
0.0168	0.03660234836570453	0.0009431881440879828
0.017	0.03835794221959077	0.0009463520527786094
0.0172	0.04000134258239996	0.0009502580643334425
0.0174	0.04150885807757732	0.0009549090445599156
0.0176	0.04285721111227758	0.0009602758383672827
0.0178	0.04402456551906653	0.0009662969031032673
0.018	0.04499153413053136	0.000972880040438504
0.0182	0.04574209422571585	0.0009799062655665295
0.0184	0.04626435325189959	0.0009872356170497745
0.0186	0.04655109929444734	0.0009947144811883687
0.0188	0.04660010663792491	0.00100218383066743
0.019	0.04641417288803495	0.001009487677230529
0.0192	0.04600089379528072	0.001016481032191016
0.0194	0.04537220156635158	0.00102303675299278
0.0196	0.04454371012980118	0.001029050810086306
0.0198	0.04353392194025218	0.00103444570806533
0.02	0.04236335621681064	0.001039172003498645
0.0202	0.04105365768191405	0.001043208050609139
0.0204	0.03962673908972647	0.001046558253846027
0.0206	0.03810399615031201	0.001049250195620005
0.0208	0.03650562791153789	0.001051331046772221
0.021	0.03485007616109215	0.001052863655563619
0.0212	0.03315358968393411	0.001053922664367536
0.0214	0.03142990855849348	0.001054590936064021
0.0216	0.02969005165505223	0.001054956497437626
0.0218	0.02794219457427971	0.001055110135114194
0.022	0.02619160854374059	0.001055143721195756
0.0222	0.02444070334604476	0.001055138984687945
0.0224	0.02269074314972386	0.001055069494843867
0.0226	0.02094521252729464	0.001054844884396217
0.0228	0.01921046117786318	0.001054375918896051
0.023	0.01749561421456747	0.001053577437217679
0.0232	0.01581240077211987	0.001052371032119384
0.0234	0.01417489185405429	0.001050688185869011
0.0236	0.01259913206740748	0.001048473644234618
0.0238	0.01110266523028258	0.001045688752265418
0.024	0.009703959716716781	0.001042314434536953
0.0242	0.008421746504609473	0.001038353487400466
0.0244	0.007274302071891725	0.001033831873941806
0.0246	0.006278708329773508	0.001028798776776511
0.0248	0.005450132419355214	0.001023325265007314
0.025	0.004801172122824937	0.001017501562978249
0.0252	0.004341307634604163	0.001011433050584604
0.0254	0.004076497425558046	0.001005235260696379
0.0256	0.004008944786619395	0.0009990282451988808
0.0258	0.004137046082178131	0.0009929307458440601
0.026	0.004455523521755822	0.000987054616031735
0.0262	0.004955722542945296	0.0009814998979111259
0.0264	0.005626053432933986	0.00097635087410442
0.0266	0.006452539499150589	0.0009716732977216369
0.0268	0.007419431596645154	0.0009675128789724239
0.027	0.008509852865245193	0.0009638949866059619
0.0272	0.009706434633699246	0.00096082542337692
0.0274	0.01099191461980809	0.0009582920648287746
0.0276	0.01234966999618337	0.0009562671118145957
0.0278	0.01376417584833689	0.0009547096999027671
0.028	0.01522137598658446	0.0009535686256039687
0.0282	0.01670896893483587	0.0009527849830803533
0.0284	0.0182166136946762	0.0009522945481943714
0.0286	0.01973606648971327	0.0009520297921251756
0.0288	0.02126125806535129	0.0009519214485442094
0.029	0.02278833146556281	0.0009518995933811184
0.0292	0.02431558686657809	0.0009519046424398845
0.0294	0.02584201100398786	0.0009519634327087956
0.0296	0.02736480008752551	0.0009521451033876895
0.0298	0.02887896675383672	0.0009525176794676226
0.03	0.03037740498257335	0.0009531463595403005
0.0302	0.03185100665723439	0.0009540916923127086
0.0304	0.03328884278016631	0.0009554074327731528
0.0306	0.03467841629753821	0.0009571382103602038
0.0308	0.03600598956109025	0.0009593171773988839
0.031	0.03725698290509172	0.0009619638350711807
0.0312	0.03841643937630579	0.0009650822478576696
0.0314	0.03946953393460717	0.0009686598518929919
0.0316	0.04040211168467067	0.00097266703251986
0.0318	0.04120122364838608	0.0009770575940314466
0.032	0.04185563328792341	0.0009817701709703957
0.0322	0.04235626457375474	0.0009867305465175167
0.03240000000000001	0.04269656067481264	0.0009918547558618596
0.0326	0.04287273825320881	0.0009970527752957683
0.0328	0.04288391531736124	0.001002232542316768
0.033	0.04273211117833853	0.001007304020496762
0.0332	0.04242212104145437	0.001012183027908873
0.03340000000000001	0.04196127486648038	0.001016794578831812
0.0336	0.04135910159675404	0.001021075545237398
0.0338	0.04062692045408767	0.001024976517646641
0.034	0.03977738691901322	0.00102846282168253
0.0342	0.03882402017188724	0.001031514720096422
0.0344	0.03778073482681066	0.001034126890781969
0.03460000000000001	0.03666139992128592	0.001036307315097685
0.0348	0.03547943932062481	0.00103807573559877
0.035	0.03424748740508221	0.001039461849205324
0.0352	0.03297710297920275	0.001040503393200598
0.0354	0.03167854373168666	0.001041244262590855
0.0356	0.03036059951409698	0.001041732771211818
0.03580000000000001	0.02903047547442839	0.001042020141509059
0.036	0.02769372153852601	0.001042159280735545
0.0362	0.02635419325088151	0.001042203878930324
0.0364	0.02501403950736858	0.001042207580613164
0.0366	0.02367403187963646	0.001042190329726416
0.03680000000000001	0.02233549396623857	0.001042106087883218
0.03700000000000001	0.02100139897083864	0.001041901705097865
0.0372	0.01967638854694087	0.001041525407778691
0.0374	0.01836671211640351	0.001040927902107343
0.0376	0.01708012723247521	0.001040063738398457
0.0378	0.01582575299835298	0.001038892870800096
0.03800000000000001	0.01461387229210231	0.001037382321168957
0.0382	0.01345568132819608	0.001035507833888646
0.0384	0.01236298700678162	0.001033255391444258
0.0386	0.01134786276088562	0.001030622453504849
0.0388	0.01042226747085806	0.001027618786711871
0.039	0.0095976508455351	0.001024266771490789
0.03920000000000001	0.008884554248652421	0.001020601105578136
0.0394	0.008292233527754433	0.001016667867613338
0.0396	0.007828320711269043	0.001012522958154659
0.0398	0.007498544204281643	0.001008229988616548
0.04	0.00730652321362868	0.001003857739263343
0.04020000000000001	0.007253648189362139	0.000999477345970191
0.04040000000000001	0.007339051619055681	0.0009951593982796246
0.0406	0.007559670964838006	0.0009909711364034612
0.0408	0.007910395725048147	0.0009869739193659709
0.041	0.008384289016248658	0.0009832211079663304
0.0412	0.008972868585260585	0.0009797564625700092
0.04140000000000001	0.00966642978892196	0.0009766131093561187
0.04160000000000001	0.01045439184235875	0.0009738130795917449
0.0418	0.01132564997533336	0.0009713673836229327
0.042	0.01226891823171172	0.0009692765482415488
0.0422	0.01327304870937951	0.0009675315216291313
0.04240000000000001	0.01432731850945856	0.000966114839191801
0.04260000000000001	0.01542167473235168	0.000965001941666273
0.0428	0.01654693920863792	0.0009641625446771029
0.043	0.01769496797351167	0.0009635619718003111
0.0432	0.01885877159656957	0.0009631623799149085
0.0434	0.02003259911725763	0.0009629238233935226
0.04360000000000001	0.02121198839449789	0.0009628051198408036
0.04380000000000001	0.02239379631646443	0.0009627644956270233
0.044	0.02357621016562916	0.0009627600398429706
0.0442	0.0247585612378316	0.0009627703320359334
0.0444	0.02593993849586695	0.0009628283146269217
0.0446	0.02711816751980223	0.0009629755021707324
0.04480000000000001	0.02828976749151479	0.0009632525271398502
0.04500000000000001	0.02944999118335545	0.0009636984026872412
0.0452	0.03059288987424225	0.0009643495938062173
0.0454	0.03171141241909936	0.0009652389376495729
0.0456	0.03279753707465716	0.0009663944678367084
0.04580000000000001	0.03384244517656043	0.000967838212641814
0.04600000000000001	0.03483672857692	0.0009695850489317365
0.0462	0.03577063407283276	0.0009716417011232679
0.0464	0.03663433456677012	0.0009740059761332893
0.0466	0.03741822110896464	0.0009766663171507819
0.0468	0.03811320175009314	0.000979601743872287
0.04700000000000001	0.03871099508251064	0.000982782222384535
0.04720000000000001	0.03920440822548699	0.0009861694770767963
0.0474	0.03958757751388475	0.0009897182235253932
0.0476	0.03985616800491698	0.0009933777657516942
0.0478	0.04000751639250666	0.0009970938722056101
0.048	0.04004071003873833	0.001000810820580708
0.04820000000000001	0.03995660180225968	0.001004473488843757
0.04840000000000001	0.0397577576659387	0.001008029368484696
0.0486	0.03944834590947721	0.001011430386040151
0.0488	0.0390339694567956	0.001014634437860299
0.049	0.03852145797281992	0.001017606570235619
0.04920000000000001	0.03791862542857416	0.001020319767023527
0.04940000000000001	0.03723401270690374	0.001022755338712996
0.04960000000000001	0.03647662114235573	0.001024902933967898
0.0498	0.03565565201279242	0.001026760218163198
0.05	0.03478026122320443	0.001028332279497358
0.0502	0.03385933589015622	0.001029630833075575
0.05040000000000001	0.03290129722154234	0.001030673294996156
0.05060000000000001	0.03191393634187989	0.001031481796967372
0.0508	0.03090428053110372	0.001032082203398031
0.051	0.02987848795601167	0.001032503183384232
0.0512	0.02884177368832752	0.001032775379082319
0.0514	0.02779835765250027	0.001032930700552688
0.05160000000000001	0.02675143438682426	0.001033001767016146
0.05180000000000001	0.02570315680350177	0.001033021506696389
0.052	0.02465463594126049	0.00103302195691992
0.0522	0.02360629581380635	0.001033005869039312
0.0524	0.02255913436238188	0.001032942254890471
0.05260000000000001	0.02151517850870732	0.001032798580712222
0.05280000000000001	0.02047747740289196	0.001032543067564647
0.05300000000000001	0.01945007072936278	0.00103214525357196
0.0532	0.01843793391890358	0.001031576684991843
0.0534	0.01744690502528101	0.001030811708826204
0.0536	0.01648358018428553	0.001029828330159967
0.05380000000000001	0.01555518474197015	0.001028609086757691
0.05400000000000001	0.01466941498802043	0.001027141885971514
0.05420000000000001	0.01383425632957369	0.001025420744282901
0.0544	0.01305777873494662	0.001023446367991397
0.0546	0.0123479186440818	0.001021226518480216
0.0548	0.01171225255529862	0.001018776114522228
0.05500000000000001	0.01115777131053619	0.001016117038425392
0.05520000000000001	0.01069066685158759	0.001013277632268624
0.0554	0.01031613898521755	0.001010291892159722
0.0556	0.01003823221253697	0.001007198390823288
0.0558	0.009859710553428158	0.001004038979744875
0.05600000000000001	0.009781976157682948	0.001000857339182485
0.05620000000000001	0.009805035413592122	0.0009976974558386681
0.05640000000000001	0.009927512917784043	0.0009946021123832408
0.0566	0.01014671321900096	0.0009916114704599664
0.0568	0.01045872402028181	0.0009887618192871823
0.057	0.01085855631390586	0.0009860845468966102
0.05720000000000001	0.01134031220863108	0.0009836053725100912
0.05740000000000001	0.01189737454114947	0.0009813438588132028
0.05760000000000001	0.01252260596083943	0.0009793132024448208
0.0578	0.01320855072117411	0.0009775202840711242
0.058	0.01394763089774642	0.0009759659448025638
0.0582	0.01473233278375119	0.0009746454469714244
0.05840000000000001	0.01555537301464938	0.0009735490706805896
0.05860000000000001	0.01640984768164344	0.0009726627972096245
0.05880000000000001	0.01728935622668359	0.0009719690320755154
0.059	0.01818810432450846	0.0009714473256504277
0.0592	0.01910098310327157	0.0009710750556166287
0.05940000000000001	0.02002362784696743	0.0009708280428837721
0.05960000000000001	0.02095245987584349	0.0009706810800165798
0.05980000000000001	0.02188471074623521	0.000970608357880948
0.06	0.02281843703531194	0.0009705837820212608
0.0602	0.02375252434285358	0.0009705812132598824
0.0604	0.02468656745622866	0.0009705880073774052
0.06060000000000001	0.02561998218880035	0.0009706251484259814
0.06080000000000001	0.02655139203125145	0.0009707185955375822
0.06100000000000001	0.02747860236559063	0.0009708938640404025
0.0612	0.02839861999382265	0.0009711756573947671
0.0614	0.02930768727674149	0.0009715873998758035
0.0616	0.03020132904930506	0.0009721506866439991
0.06180000000000001	0.03107442225154955	0.0009728846736469379
0.06200000000000001	0.03192128229420632	0.0009738054361467456
0.06220000000000001	0.0327357724745525	0.0009749253303158116
0.0624	0.03351142967585474	0.0009762523970949412
0.0626	0.03424161161819939	0.0009777898498010086
0.06280000000000001	0.03491965585271828	0.0009795356868818883
0.063	0.03553904885484371	0.0009814824670683992
0.06320000000000001	0.03609360125847161	0.0009836172774802428
0.06340000000000001	0.03657761825888883	0.0009859219151102465
0.0636	0.03698606153193396	0.0009883732884148925
0.06380000000000001	0.03731469641206786	0.0009909440321876186
0.064	0.03756021393928677	0.000993603313371822
0.06420000000000001	0.03772032688721083	0.0009963177922987588
0.0644	0.037793832612806	0.0009990526924125048
0.0646	0.03778064034122508	0.001001772923917837
0.06480000000000001	0.03768176364246756	0.001004444203675175
0.065	0.03749927775061224	0.00100703411497895
0.06520000000000001	0.03723624497069977	0.001009513056856846
0.0654	0.03689661205862649	0.001011855041299133
0.06560000000000001	0.03648508443438914	0.001014038309291791
0.06580000000000001	0.03600698603258934	0.001016045749342147
0.066	0.03546810726402327	0.001017865116247418
0.06620000000000001	0.03487454963033088	0.001019489058847867
0.0664	0.03423257159010973	0.001020914976240991
0.06660000000000001	0.03354844260320533	0.001022144729640425
0.06680000000000001	0.0328283074486535	0.001023184241832024
0.067	0.03207806461432483	0.001024043017732693
0.06720000000000001	0.03130326050450094	0.001024733619612594
0.0674	0.03050900180824101	0.001025271128114462
0.06760000000000001	0.02969988301629201	0.00102567261612072
0.0678	0.02887993151671253	0.001025956658211129
0.068	0.02805256695137359	0.001026142893461556
0.06820000000000001	0.02722057339269668	0.001026251654612974
0.0684	0.02638608252163976	0.001026303672289281
0.06860000000000001	0.02555056431447156	0.001026319859800846
0.0688	0.02471482433611527	0.001026321011621019
0.06900000000000001	0.02387915347935632	0.001026313580221087
0.06920000000000001	0.02304409228963777	0.001026279148199424
0.0694	0.02221082810137887	0.001026196952271213
0.06960000000000001	0.02138120311428793	0.001026046573940772
0.0698	0.02055769822618458	0.001025808216004796
0.07000000000000001	0.01974340912420303	0.001025463048615482
0.07020000000000001	0.01894200879905839	0.001024993614986124
0.0704	0.01815769617678598	0.001024384281770027
0.07060000000000001	0.01739513209031429	0.001023621715011563
0.0708	0.01665935735218227	0.001022695358264155
0.07100000000000001	0.0159556982544018	0.001021597886384929
0.0712	0.01528965671604965	0.00102032560643398
0.07140000000000001	0.01466678963333834	0.001018878776795291
0.07160000000000001	0.01409258076455444	0.001017261817824375
0.0718	0.0135723053390393	0.001015483390498815
0.07200000000000001	0.01311089795490261	0.001013556326651218
0.0722	0.01271282137895469	0.001011497401650058
0.07240000000000001	0.01238194848701824	0.001009326949851963
0.07260000000000001	0.0121214565297123	0.001007068333553902
0.0728	0.01193374230933841	0.00100474728498642
0.07300000000000001	0.01182035669626202	0.001002391150326127
0.0732	0.01178196814726107	0.001000028070269135
0.07340000000000001	0.01181834997260012	0.0009976861365956636
0.07360000000000001	0.01192839498980902	0.0009953925646726059
0.0738	0.01211015692388173	0.0009931729203129546
0.07400000000000001	0.01236091247119475	0.0009910504345637776
0.0742	0.01267724562785588	0.0009890454332412433
0.07440000000000001	0.01305514702107757	0.0009871749000344462
0.0746	0.01349012504215352	0.0009854521830255413
0.07480000000000001	0.01397732450277545	0.0009838868451388641
0.07500000000000001	0.0145116469648201	0.0009824846518717799
0.0752	0.015087869236595	0.0009812476818477542
0.07540000000000001	0.01570075881318189	0.0009801745416823176
0.0756	0.016345178039046	0.0009792606630795668
0.07580000000000001	0.01701618105289526	0.0009784986582250437
0.07600000000000001	0.01770909506012686	0.0009778787104826742
0.0762	0.01841959252487868	0.0009773889781165511
0.07640000000000001	0.01914374927582685	0.000977015992008969
0.0766	0.01987808891863097	0.0009767450305457302
0.07680000000000001	0.02061961832805537	0.00097656045863022
0.07700000000000001	0.02136585114931222	0.0009764460210407492
0.0772	0.02211482397979125	0.0009763850831023649
0.07740000000000001	0.02286510478006676	0.0009763608145544806
0.0776	0.02361579783610068	0.0009763563151706671
0.07780000000000001	0.0243665218440583	0.0009763579095738188
0.078	0.02511701633920893	0.000976373569129414
0.07820000000000001	0.02586656776838936	0.0009764201081027896
0.07840000000000001	0.02661393058951944	0.0009765141859886433
0.0786	0.02735733508598059	0.0009766721085610194
0.07880000000000001	0.02809450274799019	0.0009769095993326614
0.079	0.02882266824599355	0.0009772415221219724
0.07920000000000001	0.02953861231799237	0.0009776815634852992
0.07940000000000001	0.03023870445031207	0.0009782418865501967
0.0796	0.03091895699617453	0.0009789327706208148
0.07980000000000001	0.03157509007724002	0.0009797622534224516
0.08	0.03220260899979621	0.0009807357950517527
0.08020000000000001	0.03279689083865378	0.0009818559839822219
0.08040000000000001	0.03335327889362816	0.0009831223048331567
0.0806	0.03386718398542143	0.0009845309868921502
0.08080000000000001	0.03433419016073458	0.0009860749494647631
0.081	0.03475015707954299	0.0009877438554113545
0.08120000000000001	0.03511132315907162	0.0009895242791988705
0.08140000000000001	0.03541439819673542	0.0009913999898355354
0.08160000000000001	0.03565664666530211	0.0009933523410121001
0.08180000000000001	0.03583595746022183	0.0009953607561931008
0.082	0.0359508959663799	0.0009974032884875333
0.08220000000000001	0.0360007382259937	0.0009994572318004899
0.0824	0.03598548501031473	0.001001499756035556
0.08260000000000001	0.03590585532947443	0.001003508538105903
0.08280000000000001	0.03576326109759975	0.001005462361295223
0.083	0.03555976320058107	0.001007341657977893
0.08320000000000001	0.03529801144031808	0.001009128975137691
0.0834	0.03498117017443292	0.001010809346425761
0.08360000000000001	0.03461283682554495	0.001012370562746284
0.08380000000000001	0.03419695008778945	0.001013803336649452
0.08400000000000001	0.0337376966199372	0.001015101363367343
0.08420000000000001	0.03323941568669397	0.001016261286219568
0.0844	0.03270650807826314	0.001017282577445328
0.08460000000000001	0.03214334862423129	0.001018167349318392
0.08480000000000001	0.03155420669645537	0.001018920111599716
0.08500000000000001	0.03094317352224607	0.001019547491903745
0.08520000000000001	0.03031410061521456	0.001020057935459265
0.0854	0.0296705470100278	0.001020461399115932
0.08560000000000001	0.02901573435519822	0.001020769053100138
0.0858	0.0283525151462527	0.00102099300141303
0.08600000000000001	0.02768334552820306	0.00102114602998552
0.08620000000000001	0.02701026808063034	0.001021241389144757
0.0864	0.02633489946310874	0.001021292615166073
0.08660000000000001	0.02565842411422636	0.001021313393933894
0.0868	0.02498159084643703	0.001021317469144149
0.08700000000000001	0.02430472742707934	0.001021316375383175
0.08720000000000001	0.02362803244614042	0.001021304450621836
0.08740000000000001	0.02295206859707832	0.001021268050748233
0.08760000000000001	0.02227782882982865	0.00102119360821652
0.0878	0.02160673333855812	0.001021067806712583
0.08800000000000001	0.02094061906973366	0.001020877748368329
0.08820000000000001	0.02028172294376418	0.001020611157264921
0.08840000000000001	0.01963265932863578	0.001020256613912691
0.08860000000000001	0.01899638802569825	0.001019803813208354
0.0888	0.01837617355340626	0.001019243836155861
0.08900000000000001	0.01777553936699405	0.001018569424055807
0.0892	0.01719820912694559	0.001017775242293324
0.08940000000000001	0.0166480427433271	0.001016858119416504
0.08960000000000001	0.01612896223377902	0.001015817247009027
0.0898	0.01564487718860619	0.001014654326769234
0.09000000000000001	0.01519960140285548	0.001013373652276907
0.0902	0.01479677160386927	0.001011982115276517
0.09040000000000001	0.01443976409791503	0.001010489129694833
0.09060000000000001	0.01413161959499121	0.001008906471026431
0.09080000000000001	0.01387497005634941	0.001007248032571858
0.09100000000000001	0.01367197690706234	0.001005529504921066
0.0912	0.01352427965321112	0.00100376798951392
0.09140000000000001	0.01343295827973634	0.001001981561041396
0.09160000000000001	0.01339850963267963	0.001000188796387474
0.09180000000000001	0.01342083906638436	0.0009984082895657313
0.09200000000000001	0.01349926777766086	0.0009966581728015692
0.0922	0.01363255428441335	0.0009949556632594897
0.09240000000000001	0.01381893074722029	0.0009933166528527757
0.0926	0.01405615035037044	0.0009917553558583521
0.09280000000000001	0.01434154565504286	0.000990284025016038
0.09300000000000001	0.01467209382099099	0.0009889127431814187
0.09320000000000001	0.01504448858031537	0.0009876492928879296
0.09340000000000001	0.01545521356456447	0.0009864991024822803
0.0936	0.01590061730530579	0.0009854652637376622
0.09380000000000001	0.01637698589183856	0.0009845486131832594
0.09400000000000001	0.01688061426102649	0.0009837478671219718
0.09420000000000001	0.01740786801383365	0.0009830597988436612
0.09440000000000001	0.01795524408225901	0.0009824794460879067
0.0946	0.01851942139910534	0.0009820003371976867
0.09480000000000001	0.01909730483021121	0.0009816147247426988
0.09500000000000001	0.01968606296577491	0.0009813138166145309
0.09520000000000001	0.02028315713687334	0.0009810879963090781
0.09540000000000001	0.02088636426196899	0.0009809270250434297
0.0956	0.02149379390175454	0.000980820220546899
0.09580000000000001	0.02210389979882166	0.0009807566084559676
0.096	0.02271548705175519	0.0009807250436902018
0.09620000000000001	0.02332771630608477	0.0009807143004087254
0.09640000000000001	0.02394010630086996	0.0009807131441042336
0.09660000000000001	0.02455247663601767	0.0009807159739528915
0.09680000000000001	0.02516458202444483	0.0009807317224400935
0.097	0.02577583407401107	0.0009807715819734784
0.09720000000000001	0.02638529111573007	0.0009808466193038381
0.09740000000000001	0.02699166323873214	0.000980967671952857
0.09760000000000001	0.02759332198183984	0.0009811452141588036
0.09780000000000001	0.02818831386684906	0.0009813891961850244
0.098	0.02877438078576233	0.0009817088614547675
0.09820000000000001	0.02934898457897361	0.0009821125470562617
0.09840000000000002	0.0299093397334218	0.0009826074747593622
0.09860000000000001	0.03045245111570694	0.0009831995406904244
0.09880000000000001	0.03097516107663978	0.0009838931134400102
0.099	0.03147419980086852	0.000984690850319312
0.09920000000000001	0.03194624203024432	0.0009855935422927124
0.0994	0.03238796863297466	0.0009865999975320928
0.09960000000000001	0.03279613112681545	0.000987706972731775
0.09980000000000001	0.03316761668247636	0.0009889091596153973
0.1	0.0334995130833704	0.0009901992318465391
0.1002	0.03378917188092601	0.0009915679548330371
0.1004	0.03403426510340068	0.0009930043579509215
0.1006	0.03423283850133885	0.0009944959653252036
0.1008	0.03438335380633362	0.0009960290784365748
0.101	0.03448472297168337	0.0009975891005357589
0.1012	0.03453633101889864	0.0009991608910161348
0.1014	0.03453804738819599	0.001000729135932193
0.1016	0.03449022566201165	0.001002278720322295
0.1018	0.03439369132684078	0.00100379508790358
0.102	0.03424971898493823	0.00100526457487905
0.1022	0.03405999855021946	0.001006674706017859
0.1024	0.03382659384806175	0.001008014443737908
0.1026	0.03355189446301665	0.001009274383784539
0.1028	0.03323855964117683	0.001010446893310009
0.103	0.03288946232351009	0.001011526190968536
0.1032	0.03250762893003412	0.00101250837093636
0.1034	0.03209618070104625	0.001013391375065822
0.1036	0.03165827608609106	0.001014174919433226
0.1038	0.03119705538847484	0.001014860382526888
0.104	0.03071559037198313	0.001015450663698689
0.1042	0.03021683928091079	0.001015950020489968
0.1044	0.02970360543986317	0.001016363893196713
0.1046	0.02917850349331275	0.001016698724555977
0.1048	0.0286439295305172	0.001016961781807803
0.105	0.02810203835542779	0.001017160987204434
0.1052	0.02755472487478983	0.001017304761950687
0.1054	0.02700361068127677	0.001017401887601677
0.1056	0.02645003380894195	0.001017461387808399
0.1058	0.02589504382922314	0.00101749243251095
0.106	0.02533939764543902	0.001017504265929367
0.1062	0.0247835580521496	0.001017506160103176
0.1064	0.02422771166311577	0.001017504918628147
0.1066	0.02367201680317521	0.001017495079606273
0.1068	0.0231168929458363	0.001017467413628866
0.107	0.02256305178161711	0.001017412765358843
0.1072	0.02201149360917043	0.001017322130569152
0.1074	0.0214635008451296	0.001017186752558274
0.1076	0.0209206285799155	0.001016998239018835
0.1078	0.02038469086983241	0.00101674869688921
0.108	0.01985774216882419	0.001016430881470713
0.1082	0.01934205502038822	0.001016038355311528
0.1084	0.01884009165223688	0.001015565651289457
0.1086	0.01835446902259719	0.00101500843317805
0.1088	0.01788792361912783	0.001014363647100852
0.109	0.01744326505286153	0.001013629656054103
0.1092	0.01702333186403848	0.001012806349994985
0.1094	0.01663094063405879	0.001011895224867024
0.1096	0.01626883422432002	0.00101089942376948
0.1098	0.01593962956394535	0.001009823735539132
0.11	0.0156457661796594	0.001008674547465126
0.1102	0.01538945607899223	0.001007459750503705
0.1104	0.01517263904679567	0.001006188598103499
0.1106	0.01499694175436161	0.001004871521683927
0.1108	0.01486364366428461	0.001003519907979531
0.111	0.01477365140453912	0.001002145845629264
0.1112	0.01472747934167273	0.001000761849764233
0.1114	0.0147252422029851	0.0009993805746311207
0.1116	0.0147666540578939	0.0009980145248872523
0.1118	0.01485103853337932	0.0009966757757206659
0.112	0.01497734578151722	0.0009953757119016587
0.1122	0.01514417877478991	0.0009941247942471759
0.1124	0.0153498255967861	0.000992932360504455
0.1126	0.01559229771373793	0.0009918064658947737
0.1128	0.01586937258252874	0.0009907537663452154
0.113	0.01617864027502947	0.0009897794455722166
0.1132	0.01651754975318909	0.0009888871849569136
0.1134	0.01688345638103783	0.0009880791732729533
0.1136	0.01727366969862487	0.0009873561527363206
0.1138	0.01768549765984062	0.0009867174956832993
0.114	0.01811628844006918	0.0009861613062819444
0.1142	0.01856346878048498	0.0009856845407138512
0.1144	0.01902457923279144	0.0009852831398418514
0.1146	0.01949730259366333	0.0009849521682921867
0.1148	0.01997949098586105	0.0009846859542617735
0.115	0.02046918659470975	0.0009844782255523138
0.1152	0.02096463819907513	0.0009843222373329273
0.1154	0.02146431470464449	0.0009842108884886192
0.1156	0.02196691518474836	0.000984136823981775
0.1158	0.02247137483209372	0.0009840925212578741
0.116	0.02297686944075394	0.0009840703595047887
0.1162	0.02348281766171567	0.0009840626711768087
0.1164	0.02398888289462775	0.0009840617811169687
0.1166	0.02449493847962003	0.0009840635498273677
0.1168	0.02500082144979388	0.0009840738866841914
0.117	0.02550613872881513	0.0009841004445980081
0.1172	0.02601025481999386	0.0009841508063913934
0.1174	0.02651229493494611	0.0009842324272945795
0.1176	0.02701115095987916	0.0009843525594093055
0.1178	0.02750548857147805	0.0009845181604206808
0.118	0.02799375902395695	0.0009847357886888421
0.1182	0.02847421246406157	0.0009850114873152236
0.1184	0.02894491754705086	0.000985350660671605
0.1186	0.02940378295897972	0.0009857579474172257
0.1188	0.02984858407580759	0.0009862370946124121
0.119	0.0302769927366171	0.0009867908380506744
0.1192	0.03068661161523778	0.0009874207943279293
0.1194	0.03107501126942225	0.0009881273700870627
0.1196	0.03143976906721946	0.0009889096936963619
0.1198	0.03177851114014629	0.0009897655741621756
0.12	0.03208895440911874	0.0009906914913566964
0.1202	0.03236894810106605	0.000991682620265101
0.1204	0.03261651503271423	0.0009927328909075292
0.1206	0.03282988876162563	0.0009938350839184911
0.1208	0.03300754929659888	0.0009949809601671276
0.121	0.0331482517067343	0.0009961614213097104
0.1212	0.03325105160183739	0.000997366696529314
0.1214	0.03331532282754779	0.0009985865495403473
0.1216	0.03334076826286037	0.0009998104988832883
0.1218	0.03332742473867256	0.00100102804391392
0.122	0.03327566012740135	0.001002228889009583
0.1222	0.0331861627928447	0.001003403157947713
0.1224	0.03305992542300373	0.001004541591959777
0.1226	0.03289822262013331	0.00100563572516775
0.1228	0.03270258322299924	0.001006678032663414
0.123	0.03247475824900903	0.001007662047841152
0.1232	0.03221668594051152	0.001008582446938498
0.1234	0.03193045566149522	0.001009435100604826
0.1236	0.03161826766154263	0.001010217093080317
0.1238	0.03128239575016778	0.001010926711145054
0.124	0.03092514986929018	0.001011563406163865
0.1242	0.03054883956792764	0.001012127733039259
0.1244	0.0301557398197474	0.001012621270253406
0.1246	0.02974806108977646	0.001013046525779396
0.1248	0.02932792076899204	0.001013406833637941
0.125	0.0288973183487542	0.001013706245022463
0.1252	0.02845811491715722	0.001013949418630327
0.1254	0.02801201530382968	0.001014141513538726
0.1256	0.02756055409554392	0.001014288087861245
0.1258	0.02710508434392978	0.001014395005722276
0.126	0.02664676897984464	0.001014468354526658
0.1262	0.02618657519633416	0.00101451437412968
0.1264	0.02572527034499217	0.001014539398911929
0.1266	0.02526341989869252	0.001014549813544828
0.1268	0.0248013860109495	0.001014552023374411
0.127	0.02433933399152011	0.001014551642953603
0.1272	0.02387734965304844	0.001014546608092538
0.1274	0.02341568272095174	0.001014530580142842
0.1276	0.02295478331507184	0.00101449720809005
0.1278	0.02249530199333094	0.001014440217542657
0.128	0.02203808679769281	0.001014353463960457
0.1282	0.02158417776809074	0.001014230998045092
0.1284	0.02113479989930056	0.001014067142331966
0.1286	0.02069135276542511	0.001013856577309995
0.1288	0.0202553979906952	0.001013594435003124
0.129	0.019828643737128	0.001013276397263542
0.1292	0.01941292457922827	0.001012898795717957
0.1294	0.01901018075295724	0.0010124587097614
0.1296	0.01862243084178772	0.001011954058772328
0.1298	0.01825174628174864	0.001011383684325153
0.13	0.01790021920169238	0.001010747418777393
0.1302	0.01756993072922342	0.001010046135867265
0.1304	0.01726291723025497	0.001009281780174192
0.1306	0.01698113650490995	0.00100845737245778
0.1308	0.01672643311030697	0.001007576988858482
0.131	0.01650050606986042	0.001006645712783372
0.1312	0.01630487870716024	0.001005669559846614
0.1314	0.01614086907648016	0.001004655376468109
0.1316	0.0160095663741231	0.001003610714832002
0.1318	0.01591181113326456	0.001002543687650893
0.132	0.01584817888215184	0.001001462806787216
0.1322	0.01581897128198761	0.001000376811008031
0.1324	0.01582421099010389	0.0009992944884000448
0.1326	0.01586364339163993	0.0009982244991389351
0.1328	0.01593674322066363	0.0009971752043217311
0.133	0.01604272617259994	0.000996154506078618
0.1332	0.01618056715233251	0.0009951697038350273
0.1334	0.0163490196573548	0.0009942273703285982
0.1336	0.01654664192756172	0.0009933332504637538
0.1338	0.01677182331332006	0.0009924921845464445
0.134	0.01702281534380745	0.0009917080572961771
0.1342	0.01729776119464077	0.0009909837716606956
0.1344	0.01759472805133555	0.0009903212466085766
0.1346	0.01791173695528414	0.0009897214368447536
0.1348	0.01824679375567939	0.0009891843718398659
0.135	0.01859791719471104	0.0009887092110562549
0.1352	0.01896316597412806	0.0009882943121032428
0.1354	0.01934066227113362	0.0009879373082646334
0.1356	0.01972861409012694	0.0009876351920562599
0.1358	0.02012533340894151	0.0009873844016181665
0.136	0.02052925409225281	0.0009871809069759486
0.1362	0.02093894314020872	0.0009870202935593373
0.1364	0.02135311324673239	0.0009868978407310059
0.1366	0.02177063105045818	0.0009868085936149571
0.1368	0.02219052314467262	0.0009867474267463454
0.137	0.02261198082123883	0.0009867090984786904
0.1372	0.02303436318470631	0.0009866882954814216
0.1374	0.02345719852019101	0.0009866796669339944
0.1376	0.02388018593774177	0.0009866778487061891
0.1378	0.02430319201084785	0.0009866781747403044
0.138	0.02472613629652187	0.0009866824573936566
0.1382	0.02514881113893352	0.0009866960231166599
0.1384	0.02557083734427579	0.0009867242008370193
0.1386	0.02599166706204414	0.0009867722589217023
0.1388	0.02641058665176388	0.0009868453648800828
0.139	0.02682672080118209	0.0009869485351228257
0.1392	0.02723903777950909	0.0009870865758253849
0.1394	0.02764635779021773	0.0009872640161349821
0.1396	0.02804736235702876	0.0009874850353155185
0.1398	0.02844060694042128	0.000987753385656819
0.14	0.02882453570782673	0.0009880723135138561
0.1402	0.02919749898137525	0.0009884444809726172
0.1404	0.02955777257739101	0.0009888718909746895
0.1406	0.02990358023089357	0.000989355818948932
0.1408	0.03023311716970056	0.0009898967538066825
0.141	0.03054457678808831	0.000990494351610289
0.1412	0.03083617652009707	0.000991147404316619
0.1414	0.03110618672508281	0.0009918538260968173
0.1416	0.03135295739048161	0.0009926106591091057
0.1418	0.03157494594051968	0.0009934140998099517
0.142	0.03177074356062803	0.0009942595463503343
0.1422	0.03193909936817363	0.0009951416667026891
0.1424	0.03207894248771481	0.0009960544862240685
0.1426	0.03218939960061107	0.0009969914926032575
0.1428	0.03226981211628299	0.0009979457553741455
0.143	0.03231974600930698	0.0009989100568566958
0.1432	0.03233899950282648	0.0009998770302214212
0.1434	0.03232760487298947	0.001000839300653825
0.1436	0.03228582700830884	0.00100178962527735
0.1438	0.03221415686130058	0.001002721027674902
0.144	0.0321133007237222	0.001003626922994355
0.1442	0.03198416702798568	0.001004501230530391
0.1444	0.03182784709497355	0.001005338470385258
0.1446	0.03164559610013384	0.001006133842677357
0.1448	0.03143880993593484	0.001006883287712992
0.145	0.03120900086651091	0.001007583526544802
0.1452	0.03095777284761425	0.001008232082182284
0.1454	0.03068679560965393	0.001008827282345824
0.1456	0.03039777938101906	0.00100936824511991
0.1458	0.03009245020803064	0.001009854849549823
0.146	0.02977252613345627	0.001010287693318486
0.1462	0.02943969613988884	0.001010668040249449
0.1464	0.02909559878753498	0.001010997759842581
0.1466	0.02874180482467636	0.001011279261747302
0.1468	0.02837980042386334	0.001011515427468044
0.147	0.02801097423071042	0.001011709541561599
0.1472	0.02763660455821082	0.001011865224442397
0.1474	0.02725785074289888	0.001011986368442504
0.1476	0.02687574455922004	0.001012077078691079
0.1478	0.02649118498084135	0.001012141619897198
0.148	0.02610493384418078	0.001012184370042838
0.1482	0.02571761238505132	0.001012209781539414
0.1484	0.02532969978346955	0.001012222350398217
0.1486	0.02494153227598872	0.001012226593814037
0.1488	0.02455330318480264	0.001012227031756673
0.149	0.02416508118039928	0.001012225852396605
0.1492	0.02377696806797758	0.001012219434064022
0.1494	0.02338920142210554	0.001012203273744575
0.1496	0.02300216186267789	0.001012172898701971
0.1498	0.0226163709157845	0.001012123894574821
0.15	0.02223248893278651	0.001012051940406729
0.1502	0.02185131178703159	0.001011952850868374
0.1504	0.02147376480570529	0.001011822624997363
0.1506	0.02110089719644748	0.001011657500587873
0.1508	0.02073387295240536	0.001011454013019916
0.151	0.02037396085506771	0.001011209057022138
0.1512	0.02002252076636069	0.001010919949590986
0.1514	0.01968099115765654	0.001010584492259256
0.1516	0.01935087145830039	0.001010201030429019
0.1518	0.0190337044041371	0.001009768507565101
0.152	0.01873105611593928	0.001009286511998989
0.1522	0.01844449483905919	0.001008755313982302
0.1524	0.01817556927562691	0.00100817589115159
0.1526	0.01792578592721839	0.001007549940416399
0.1528	0.01769658527337015	0.00100687987487055
0.153	0.01748932065675035	0.00100616880486961
0.1532	0.0173052358586574	0.001005420502787409
0.1534	0.01714544497372117	0.001004639351642437
0.1536	0.01701091420545708	0.001003830278409125
0.1538	0.01690244559722487	0.001002998673385886
0.154	0.0168206639791606	0.001002150297643866
0.1542	0.01676600679638796	0.001001291180962082
0.1544	0.01673871699313167	0.001000427513180745
0.1546	0.01673884013143834	0.0009995655320280265
0.1548	0.01676622426020913	0.000998711410664945
0.155	0.01682052396063227	0.0009978711482006787
0.1552	0.01690120740386192	0.0009970504662078269
0.1554	0.01700756714853924	0.0009962547140621803
0.1556	0.01713873234984931	0.0009954887852896685
0.1558	0.01729368527594488	0.0009947570469305603
0.156	0.01747127882845234	0.0009940632832372192
0.1562	0.01767025503795594	0.0009934106543399448
0.1564	0.01788926645531319	0.000992801670085036
0.1566	0.0181268960586749	0.0009922381788211312
0.1568	0.0183816787757678	0.0009917213701005514
0.157	0.01865212133270688	0.0009912517901526424
0.1572	0.01893672504229471	0.0009908293686177268
0.1574	0.01923400063242298	0.0009904534549046919
0.1576	0.01954248904075939	0.0009901228616654508
0.1578	0.01986077646142803	0.000989835914199602
0.158	0.02018750923161861	0.000989590503394673
0.1582	0.02052140749583486	0.0009893841405157124
0.1584	0.02086127513030078	0.0009892140121834435
0.1586	0.02120601001661271	0.0009890770338644662
0.1588	0.02155461137590464	0.0009889699007301564
0.159	0.02190618624445051	0.0009888891347579083
0.1592	0.02225995477056131	0.0009888311272025184
0.1594	0.02261525271751452	0.0009887921757126704
0.1596	0.02297153463587165	0.0009887685156578685
0.1598	0.02332837521680631	0.0009887563453668607
0.16	0.02368547047080938	0.0009887518451660309
0.1602	0.0240426390664652	0.0009887511912589808
0.1604	0.0243998082150938	0.0009887518131002503
0.1606	0.02475690541905351	0.0009887562413729927
0.1608	0.02511375104950275	0.0009887682964510875
0.161	0.02547004257212393	0.0009887917746801845
0.1612	0.0258253574866103	0.0009888304299482764
0.1614	0.02617915527662262	0.0009888879477653633
0.1616	0.02653077972354367	0.0009889679133533525
0.1618	0.02687946283549536	0.000989073774323295
0.162	0.02722433002782054	0.0009892087986543543
0.1622	0.02756440633675084	0.0009893760288312388
0.1624	0.02789862439385615	0.0009895782331913649
0.1626	0.02822583373927046	0.0009898178556478848
0.1628	0.02854481294343714	0.0009900969654147438
0.163	0.02885428068111651	0.0009904172079911765
0.1632	0.02915291066165082	0.00099077975927299
0.1634	0.02943934767972678	0.0009911852845593521
0.1636	0.02971222426276654	0.0009916339040491624
0.1638	0.02997017710004002	0.0009921251665742448
0.164	0.03021186724072322	0.0009926580328918121
0.1642	0.03043599824013654	0.0009932308701637257
0.1644	0.03064133448060602	0.0009938414582246339
0.1646	0.03082672003074549	0.0009944870084138504
0.1648	0.03099109657341614	0.0009951641952113523
0.165	0.03113351859792601	0.0009958692003209366
0.1652	0.03125316942168865	0.0009965977684661868
0.1654	0.03134937341383193	0.000997345273935731
0.1656	0.03142160644347314	0.0009981067960885834
0.1658	0.03146950507652946	0.0009988772020678338
0.166	0.03149287019914482	0.0009996512344729843
0.1662	0.03149167071387637	0.0010004236014405
0.1664	0.03146604282665066	0.00100118906695334
0.1666	0.03141628712182865	0.001001942538761425
0.1668	0.03134286231943406	0.001002679151625868
0.167	0.03124637709697708	0.001003394343769859
0.1672	0.03112757901544683	0.001004083924757214
0.1674	0.03098734251398128	0.00100474413332314
0.1676	0.03082665335386992	0.001005371684164212
0.1678	0.03064659405208658	0.001005963802957667
0.168	0.03044832675368525	0.001006518249600186
0.1682	0.03023307597322855	0.001007033329665085
0.1684	0.03000211097241845	0.001007507894703656
0.1686	0.02975672991306055	0.001007941332331884
0.1688	0.02949824114330113	0.001008333547250909
0.169	0.02922794868936762	0.001008684934260505
0.1692	0.02894713649584446	0.001008996345021124
0.1694	0.028657054703217	0.001009269049817546
0.1696	0.02835890711867251	0.001009504695928422
0.1698	0.0280538399820216	0.001009705264015882
0.17	0.02774293143011164	0.001009873023797122
0.1702	0.0274271841335576	0.001010010490296753
0.1704	0.02710751713311765	0.001010120381757127
0.1706	0.02678476080473047	0.001010205580048247
0.1708	0.02645965153351426	0.001010269094374389
0.171	0.02613282893435098	0.001010314028910919
0.1712	0.02580483263591304	0.001010343554778655
0.1714	0.02547610091278329	0.001010360886728105
0.1716	0.02514696969592478	0.001010369264783952
0.1718	0.02481767168501392	0.001010371941154
0.172	0.02448833372909576	0.001010372157194006
0.1722	0.02415900611958932	0.001010371102827956
0.1724	0.02382976912485901	0.001010365989306589
0.1726	0.02350080171891022	0.001010353575960248
0.1728	0.02317238693649415	0.001010330641608157
0.173	0.02284490964666475	0.001010294002345283
0.1732	0.02251885477744509	0.001010240533480346
0.1734	0.02219480519124772	0.001010167195890984
0.1736	0.02187343843979761	0.001010071066478088
0.1738	0.02155552270414773	0.001009949372243371
0.174	0.02124191143957432	0.001009799527372604
0.1742	0.02093353650707286	0.001009619172445342
0.1744	0.02063140086829662	0.00100940621493547
0.1746	0.02033656858839095	0.001009158869868406
0.1748	0.02005015530448873	0.001008875699366094
0.175	0.01977331661328208	0.001008555650071908
0.1752	0.01950723447953351	0.001008198086822271
0.1754	0.01925310441583861	0.001007802821450831
0.1756	0.01901212031953037	0.001007370135383414
0.1758	0.01878546025545802	0.001006900794895093
0.176	0.01857426777132787	0.001006396057663951
0.1762	0.01837964131846093	0.00100585767058741
0.1764	0.01820261504326481	0.00100528785760191
0.1766	0.01804414553043898	0.001004689297495706
0.1768	0.01790509746933822	0.001004065091860265
0.177	0.01778623077552766	0.001003418723538503
0.1772	0.01768818925484084	0.001002754006207947
0.1774	0.01761149139201734	0.001002075026461345
0.1776	0.0175565222161822	0.001001386079450358
0.1778	0.01752352826588321	0.001000691599880805
0.178	0.01751261374738533	0.0009999960899653695
0.1782	0.01752373989438638	0.0009993040463137156
0.1784	0.0175567262340337	0.0009986198876471329
0.1786	0.01761125393386465	0.0009979478850380614
0.1788	0.0176868719572667	0.0009972920966410395
0.179	0.01778300470323302	0.0009966563082369371
0.1792	0.01789896117406897	0.0009960439809626612
0.1794	0.01803394654416479	0.0009954582072390947
0.1796	0.01818707367056049	0.0009949016755736832
0.1798	0.01835737699002493	0.0009943766446002182
0.18	0.01854382644523866	0.0009938849265707617
0.1802	0.01874534190574195	0.0009934278799509936
0.1804	0.01896080611913931	0.0009930064105736147
0.1806	0.01918908124207519	0.0009926209808409226
0.1808	0.01942902135488112	0.0009922716260184477
0.181	0.01967948593664914	0.00099195797654137
0.1812	0.01993935197242536	0.0009916792852189213
0.1814	0.02020752620592248	0.00099143445829948
0.1816	0.02048295467102434	0.0009912220892293103
0.1818	0.02076463289267849	0.0009910404938846412
0.182	0.02105161384679377	0.0009908877464624413
0.1822	0.02134301463956945	0.0009907617149151849
0.1824	0.02163802333234344	0.0009906600951635658
0.1826	0.0219359033217188	0.0009905804433995274
0.1828	0.02223599729768466	0.0009905202058532307
0.183	0.02253773053234909	0.0009904767455393812
0.1832	0.02284061298996676	0.0009904473656572269
0.1834	0.02314424101496115	0.0009904293293574629
0.1836	0.0234482980449684	0.0009904198757273413
0.1838	0.02375255558581557	0.0009904162319757845
0.184	0.02405687475402374	0.000990415622519543
0.1842	0.02436119677440729	0.0009904159628014763
0.1844	0.02466547409130726	0.0009904188243621962
0.1846	0.02496958378469571	0.0009904269827537818
0.1848	0.02527331373130437	0.0009904431993039632
0.185	0.02557636462734081	0.0009904702100989753
0.1852	0.02587835074518807	0.000990510710341948
0.1854	0.02617880181060173	0.0009905673348404532
0.1856	0.02647716502542607	0.0009906426350148019
0.1858	0.026772808356327	0.0009907390527734751
0.186	0.02706502420187462	0.0009908588917561902
0.1862	0.02735303455847315	0.0009910042864560171
0.1864	0.02763599689933471	0.0009911771699040457
0.1866	0.02791301057732198	0.0009913792407040937
0.1868	0.02818312555609737	0.0009916119302301198
0.187	0.02844535063195508	0.0009918763709487709
0.1872	0.02869866402761545	0.0009921733668982384
0.1874	0.02894202375318855	0.000992503367268447
0.1876	0.0291743799316464	0.0009928664441838492
0.1878	0.02939468629483599	0.0009932622755847919
0.188	0.02960191323654726	0.0009936901341118065
0.1882	0.02979506072006188	0.0009941488827364836
0.1884	0.02997317159315571	0.0009946369778032641
0.1886	0.03013534381170757	0.0009951524797902787
0.1888	0.03028074275061954	0.0009956930719331614
0.189	0.0304086134856334	0.0009962560867269603
0.1892	0.0305182904121466	0.0009968385399682889
0.1894	0.03060920757707208	0.0009974371716193965
0.1896	0.03068090589658823	0.0009980484928056547
0.1898	0.03073304043209646	0.0009986688378613811
0.19	0.03076538450841326	0.000999294420201326
0.1902	0.0307778329733992	0.000999921390640029
0.1904	0.03077040270727593	0.00100054589674237
0.1906	0.0307432326808339	0.00100116414178412
0.1908	0.03069658025924582	0.001001772441839594
0.191	0.03063081801519729	0.001002367279718326
0.1912	0.03054642603092361	0.001002945354409037
0.1914	0.03044398583006114	0.001003503625097331
0.1916	0.03032417065696791	0.001004039348945551
0.1918	0.03018773546500597	0.001004550111886975
0.192	0.03003550657012966	0.001005033852146897
0.1922	0.02986836970376316	0.001005488876395982
0.1924	0.02968725880782586	0.001005913868562743
0.1926	0.02949314325815067	0.00100630789160034
0.1928	0.02928701632481534	0.001006670382671188
0.193	0.02906988326867577	0.001007001142456424
0.1932	0.02884275016549509	0.001007300319254887
0.1934	0.02860661321028601	0.001007568388709345
0.1936	0.0283624484000029	0.001007806130091729
0.1938	0.02811120268597733	0.001008014599927211
0.194	0.02785378533008043	0.001008195103913079
0.1942	0.02759106068697292	0.00100834916794137
0.1944	0.02732384149567224	0.001008478508963196
0.1946	0.02705288333527278	0.001008585006424191
0.1948	0.02677887989557348	0.001008670674853571
0.195	0.02650245891709346	0.001008737638155514
0.1952	0.02622417960083112	0.001008788106039763
0.1954	0.0259445296251215	0.001008824352905091
0.1956	0.02566392383596394	0.001008848699481156
0.1958	0.02538270285003819	0.001008863497412206
0.196	0.02510113234166056	0.001008871116941198
0.1962	0.02481940215511713	0.001008873937890047
0.1964	0.02453762537334114	0.0010088743449319
0.1966	0.02425584843149409	0.001008873957820207
0.1968	0.02397411649872083	0.001008871221217338
0.197	0.02369254021323286	0.001008863761087607
0.1972	0.02341130719287321	0.001008849212125946
0.1974	0.02313067964860238	0.001008825229101042
0.1976	0.02285099407890812	0.00100878949998575
0.1978	0.02257265952357557	0.001008739761855889
0.198	0.02229615575924981	0.001008673819484737
0.1982	0.02202203116030432	0.001008589566411315
0.1984	0.02175089891534299	0.001008485008147451
0.1986	0.02148343381122686	0.001008358287096722
0.1988	0.02122036696528085	0.001008207708752661
0.199	0.0209624800918391	0.001008031768517195
0.1992	0.02071059962327126	0.001007829178524687
0.1994	0.02046558914298657	0.001007598893808749
0.1996	0.02022834090166725	0.001007340136938701
0.1998	0.01999976760998834	0.00100705242044734
